[gd_scene load_steps=3 format=2]

[ext_resource path="res://Scenes/Level/Camera.gd" type="Script" id=1]

[sub_resource type="BoxShape" id=1]
extents = Vector3( 11.9831, 8.30282, 0.380387 )

[node name="Camera" type="Camera"]
transform = Transform( 1, 0, 0, 0, 0.937883, 0.346952, 0, -0.346952, 0.937883, -8.39231, 6.75084, 5.24326 )
script = ExtResource( 1 )

[node name="Area" type="Area" parent="."]

[node name="CollisionPolygon" type="CollisionPolygon" parent="Area"]
transform = Transform( 1, 0, 0, 0, 0.340166, 0.940365, 0, -0.940365, 0.340166, 0, -3.33805, -1.67809 )
depth = 5.0
polygon = PoolVector2Array( -1.48496, 2.2402, 1.28806, 2.32748, 3.78593, 9.6502, -3.92943, 9.57381 )

[node name="Center" type="Position3D" parent="."]
transform = Transform( 1, 0, 0, 0, 1, 0, 0, 0, 1, 0, -0.705, -7.129 )

[node name="StaticBody" type="StaticBody" parent="."]
transform = Transform( 1, 0, 0, 0, 0.931304, -0.364243, 0, 0.364243, 0.931304, 0, -2.86161, -2.64973 )
collision_layer = 2

[node name="CollisionShape" type="CollisionShape" parent="StaticBody"]
shape = SubResource( 1 )

[node name="StaticBody2" type="StaticBody" parent="."]
transform = Transform( 1, 0, 0, 0, 0.931304, -0.364243, 0, 0.364243, 0.931304, 0, 0.745967, -12.4018 )
collision_layer = 2

[node name="CollisionShape" type="CollisionShape" parent="StaticBody2"]
shape = SubResource( 1 )

[node name="StaticBody3" type="StaticBody" parent="."]
transform = Transform( 0.311556, 0.0175787, 0.950065, 0.329683, 0.935723, -0.125427, -0.891203, 0.352298, 0.285734, 4.33247, -1.32505, -6.80337 )
collision_layer = 2

[node name="CollisionShape" type="CollisionShape" parent="StaticBody3"]
shape = SubResource( 1 )

[node name="StaticBody4" type="StaticBody" parent="."]
transform = Transform( -0.360599, 0.0172548, 0.932561, 0.323609, 0.940037, 0.107739, -0.874783, 0.340636, -0.34456, -4.38061, -1.49207, -6.35189 )
collision_layer = 2

[node name="CollisionShape" type="CollisionShape" parent="StaticBody4"]
shape = SubResource( 1 )
[connection signal="body_entered" from="Area" to="." method="_on_Area_body_entered"]
[connection signal="body_exited" from="Area" to="." method="_on_Area_body_exited"]
