[gd_scene load_steps=5 format=2]

[ext_resource path="res://Scenes/Characters/Pacifica.tscn" type="PackedScene" id=1]
[ext_resource path="res://Scenes/Characters/Rosa.tscn" type="PackedScene" id=2]
[ext_resource path="res://Scenes/Level/DungeonGenerator/Dungeon.tscn" type="PackedScene" id=3]
[ext_resource path="res://Scenes/Level/Camera.tscn" type="PackedScene" id=4]

[node name="Map" type="Spatial"]

[node name="Pacifica" parent="." instance=ExtResource( 1 )]
transform = Transform( -0.927654, 0, -0.373442, 0, 1, 0, 0.373442, 0, -0.927654, -9.801, 1.227, 0.151 )
CameraPath = NodePath("../Camera")
RosaNode = NodePath("../Rosa")

[node name="DirectionalLight" type="DirectionalLight" parent="."]
transform = Transform( 0.899352, -0.177696, 0.399488, -0.437226, -0.365513, 0.821726, 0, -0.913687, -0.406418, 7.65487, 5.00922, 0 )
light_color = Color( 0.607843, 0.607843, 0.607843, 1 )
shadow_enabled = true

[node name="Rosa" parent="." instance=ExtResource( 2 )]
transform = Transform( -0.847789, 0, -0.530334, 0, 1, 0, 0.530334, 0, -0.847789, -6.44981, 1.77633, -1.16879 )

[node name="Dungeon" parent="." instance=ExtResource( 3 )]
size = Vector2( 100, 50 )
Pacifica = NodePath("../Pacifica")

[node name="Map" parent="Dungeon" index="3"]
data = {
"cells": PoolIntArray(  )
}

[node name="Camera" parent="." instance=ExtResource( 4 )]
speed = 5.0
Pacifica = NodePath("../Pacifica")
offset = 5.0

[node name="CollisionPolygon" parent="Camera/Area" index="0"]
polygon = PoolVector2Array( -1.72993, 3.58759, 1.28697, 3.48355, 3.78593, 9.6502, -3.92943, 9.57381 )

[editable path="Dungeon"]

[editable path="Camera"]
