[gd_scene load_steps=5 format=2]

[ext_resource path="res://Scenes/Levels/Buildings/Building 1.tscn" type="PackedScene" id=1]
[ext_resource path="res://Code/Shaders/Visual shader water.tres" type="Shader" id=2]

[sub_resource type="ShaderMaterial" id=1]
shader = ExtResource( 2 )

[sub_resource type="PlaneMesh" id=2]

[node name="Spatial" type="Spatial"]

[node name="Scene Root" parent="." instance=ExtResource( 1 )]
transform = Transform( 0.749589, 0, 0.661903, 0, 1, 0, -0.661903, 0, 0.749589, -3.96256, 0, -19.628 )

[node name="Scene Root2" parent="." instance=ExtResource( 1 )]
transform = Transform( 0.621031, 0, -0.783785, 0, 1, 0, 0.783785, 0, 0.621031, 16.1959, 0, -11.4568 )

[node name="Camera" type="Camera" parent="."]
transform = Transform( 1, 0, 0, 0, 1, 0, 0, 0, 1, 0, 0, 9.01779 )
current = true

[node name="DirectionalLight" type="DirectionalLight" parent="."]
transform = Transform( 0.997467, 0.0387107, -0.0596764, 0.0244623, 0.601101, 0.798798, 0.0667936, -0.798235, 0.598632, 0, 33.9504, 0 )
light_energy = 1.5

[node name="MeshInstance" type="MeshInstance" parent="."]
transform = Transform( 70, 0, 0, 0, 1, 0, 0, 0, 20, 0, -2.53503, -18.4984 )
material_override = SubResource( 1 )
mesh = SubResource( 2 )
material/0 = null
