[gd_scene load_steps=13 format=2]

[ext_resource path="res://Scenes/Town/Buildings/House 01.tscn" type="PackedScene" id=1]
[ext_resource path="res://Code/Town/3D JRPG Camera/Camera.tscn" type="PackedScene" id=2]
[ext_resource path="res://Scenes/Player 3D/Player.tscn" type="PackedScene" id=3]
[ext_resource path="res://Scenes/Town/Items/Tumbleweed.tscn" type="PackedScene" id=4]
[ext_resource path="res://Scenes/Town/Buildings/House 02.tscn" type="PackedScene" id=5]
[ext_resource path="res://Scenes/Town/Items/Box.tscn" type="PackedScene" id=6]
[ext_resource path="res://Scenes/Town/Map/2D grass tilemap.tscn" type="PackedScene" id=7]
[ext_resource path="res://Scenes/Town/GridMap/GridMap Town.tres" type="MeshLibrary" id=8]

[sub_resource type="QuadMesh" id=1]

[sub_resource type="ViewportTexture" id=2]
viewport_path = NodePath("Viewport")

[sub_resource type="SpatialMaterial" id=3]
resource_local_to_scene = true
flags_unshaded = true
albedo_color = Color( 0.694118, 0.760784, 0.690196, 1 )
albedo_texture = SubResource( 2 )

[sub_resource type="ConcavePolygonShape" id=4]
data = PoolVector3Array( -0.5, -0.5, 0, -0.5, 0.5, 0, 0.5, 0.5, 0, -0.5, -0.5, 0, 0.5, 0.5, 0, 0.5, -0.5, 0 )

[node name="Town" type="Spatial"]

[node name="CameraFollow" parent="." instance=ExtResource( 2 )]
transform = Transform( -1, 0, -8.74228e-08, 0, 1, 0, 8.74228e-08, 0, -1, -3.31356, 0, -3.03613 )
current = true
Angle = 25.0
YHeight = 3.0
speed = 3.0
StartOffset = Vector2( 0, -3 )
ZMargin = Vector2( 0, 2 )
XMargin = 2.0

[node name="DirectionalLight" type="DirectionalLight" parent="."]
transform = Transform( 0.948169, 0.196283, -0.249897, 0.315357, -0.677895, 0.664085, -0.0390552, -0.708471, -0.704658, 0.533763, 24.3846, 3.31973 )
light_energy = 0.7
shadow_enabled = true
shadow_color = Color( 0.129412, 0.282353, 0.694118, 1 )
shadow_bias = -0.05

[node name="Houses" type="Spatial" parent="."]

[node name="House02" parent="Houses" instance=ExtResource( 5 )]
transform = Transform( 0.579566, 0, -0.814926, 0, 1, 0, 0.814926, 0, 0.579566, -8.15844, 0, 5.80079 )

[node name="House01" parent="Houses" instance=ExtResource( 1 )]
transform = Transform( 0.875953, 0, 0.482396, 0, 1, 0, -0.482396, 0, 0.875953, 2.56552, -4.76837e-07, 3.70784 )

[node name="Items" type="Spatial" parent="."]

[node name="Box" parent="Items" instance=ExtResource( 6 )]
transform = Transform( 0.84515, 0, 0.534529, 0, 1, 0, -0.534529, 0, 0.84515, 0.27352, 4.76837e-07, 4.75362 )

[node name="Box4" parent="Items" instance=ExtResource( 6 )]
transform = Transform( 0.84515, 0, 0.534529, 0, 1, 0, -0.534529, 0, 0.84515, 0.0617505, 4.76837e-07, 6.11324 )

[node name="Box5" parent="Items" instance=ExtResource( 6 )]
transform = Transform( 0.84515, 0, 0.534529, 0, 1, 0, -0.534529, 0, 0.84515, 0.536074, -0.0181689, 6.11324 )

[node name="Box6" parent="Items" instance=ExtResource( 6 )]
transform = Transform( 0.84515, 0, 0.534529, 0, 1, 0, -0.534529, 0, 0.84515, -6.59929, -0.0181689, 6.65906 )

[node name="Box7" parent="Items" instance=ExtResource( 6 )]
transform = Transform( 0.84515, 0, 0.534529, 0, 1, 0, -0.534529, 0, 0.84515, -6.82535, -0.0181689, 7.09157 )

[node name="Box8" parent="Items" instance=ExtResource( 6 )]
transform = Transform( 0.84515, 0, 0.534529, 0, 1, 0, -0.534529, 0, 0.84515, -9.22305, -0.0181689, 3.77302 )

[node name="Box9" parent="Items" instance=ExtResource( 6 )]
transform = Transform( 0.84515, 0, 0.534529, 0, 1, 0, -0.534529, 0, 0.84515, -9.73603, -0.0181689, 3.68977 )

[node name="Box2" parent="Items" instance=ExtResource( 6 )]
transform = Transform( 0.84515, 0, 0.534529, 0, 1, 0, -0.534529, 0, 0.84515, -0.11778, 0, 4.84627 )

[node name="Box3" parent="Items" instance=ExtResource( 6 )]
transform = Transform( 0.84515, 0, 0.534529, 0, 1, 0, -0.534529, 0, 0.84515, -0.11778, 0.314301, 4.84627 )

[node name="Ground" type="MeshInstance" parent="."]
transform = Transform( 30, 0, 0, 0, -8.74228e-07, 1, 0, -20, -4.37114e-08, -4.26412, 0, 3.06092 )
mesh = SubResource( 1 )
material/0 = SubResource( 3 )

[node name="StaticBody" type="StaticBody" parent="Ground"]

[node name="CollisionShape" type="CollisionShape" parent="Ground/StaticBody"]
shape = SubResource( 4 )

[node name="Viewport" type="Viewport" parent="."]
size = Vector2( 800, 800 )

[node name="2D Tilemap" parent="Viewport" instance=ExtResource( 7 )]

[node name="Fence" type="Spatial" parent="."]

[node name="Body" type="GridMap" parent="Fence"]
transform = Transform( 1, 0, 0, 0, 1, 0, 0, 0, 1, 0, -0.494183, 0 )
mesh_library = ExtResource( 8 )
cell_size = Vector3( 1, 1, 1 )
data = {
"cells": PoolIntArray( 9, 0, 1441792, 65518, 0, 1441792, 9, 1, 1441792, 65518, 1, 1441792, 9, 2, 1441792, 65518, 2, 1441792, 9, 3, 1441792, 65518, 3, 1441792, 9, 4, 1441792, 65518, 4, 1441792, 9, 5, 1441792, 65518, 5, 1441792, 9, 6, 1441792, 65518, 6, 1441792, 9, 7, 1441792, 65518, 7, 1441792, 9, 8, 1441792, 65518, 8, 1441792, 9, 9, 1441792, 65518, 9, 1441792, 9, 10, 1441792, 65518, 10, 1441792, 0, 11, 0, 1, 11, 0, 2, 11, 0, 3, 11, 0, 4, 11, 0, 5, 11, 0, 6, 11, 0, 7, 11, 0, 8, 11, 0, 65519, 11, 0, 65520, 11, 0, 65521, 11, 0, 65522, 11, 0, 65523, 11, 0, 65524, 11, 0, 65525, 11, 0, 65526, 11, 0, 65527, 11, 0, 65528, 11, 0, 65529, 11, 0, 65530, 11, 0, 65531, 11, 0, 65532, 11, 0, 65533, 11, 0, 65534, 11, 0, 65535, 11, 0, 0, 65530, 0, 1, 65530, 0, 2, 65530, 0, 3, 65530, 0, 4, 65530, 0, 5, 65530, 0, 6, 65530, 0, 7, 65530, 0, 8, 65530, 0, 65519, 65530, 0, 65520, 65530, 0, 65521, 65530, 0, 65522, 65530, 0, 65523, 65530, 0, 65524, 65530, 0, 65525, 65530, 0, 65526, 65530, 0, 65527, 65530, 0, 65528, 65530, 0, 65529, 65530, 0, 65530, 65530, 0, 65531, 65530, 0, 65532, 65530, 0, 65533, 65530, 0, 65534, 65530, 0, 65535, 65530, 0, 9, 65531, 1441792, 65518, 65531, 1441792, 9, 65532, 1441792, 65518, 65532, 1441792, 9, 65533, 1441792, 65518, 65533, 1441792, 9, 65534, 1441792, 65518, 65534, 1441792, 9, 65535, 1441792, 65518, 65535, 1441792 )
}
__meta__ = {
"_editor_clip_": 0,
"_editor_floor_": Vector3( 0, 0, 0 )
}

[node name="Corner1" type="GridMap" parent="Fence"]
transform = Transform( 1, 0, 0, 0, 1, 0, 0, 0, 1, -0.00586176, -0.487197, -0.331025 )
mesh_library = ExtResource( 8 )
cell_size = Vector3( 1, 1, 1 )
data = {
"cells": PoolIntArray( 10, 11, 1441793 )
}
__meta__ = {
"_editor_clip_": 0
}

[node name="Corner2" type="GridMap" parent="Fence"]
transform = Transform( -4.37114e-08, 0, -1, 0, 1, 0, 1, 0, -4.37114e-08, -26.661, -0.519, -0.022 )
mesh_library = ExtResource( 8 )
cell_size = Vector3( 1, 1, 1 )
data = {
"cells": PoolIntArray( 12, 65526, 1441793 )
}
__meta__ = {
"_editor_clip_": 0
}

[node name="Corner3" type="GridMap" parent="Fence"]
transform = Transform( 1, 0, 0, 0, 1, 0, 0, 0, 1, 0.689, -0.499, 0.01 )
mesh_library = ExtResource( 8 )
cell_size = Vector3( 1, 1, 1 )
data = {
"cells": PoolIntArray( 8, 65529, 1 )
}
__meta__ = {
"_editor_clip_": 0,
"_editor_floor_": Vector3( 0, 0, 0 )
}

[node name="Corner4" type="GridMap" parent="Fence"]
transform = Transform( -4.37114e-08, 0, 1, 0, 1, 0, -1, 0, -4.37114e-08, 0.026, -0.494, 0.312 )
mesh_library = ExtResource( 8 )
cell_size = Vector3( 1, 1, 1 )
data = {
"cells": PoolIntArray( 5, 65517, 1 )
}
__meta__ = {
"_editor_clip_": 0,
"_editor_floor_": Vector3( 0, 0, 0 )
}

[node name="Player" parent="." instance=ExtResource( 3 )]
transform = Transform( -1, 0, -8.74228e-08, 0, 1, 0, 8.74228e-08, 0, -1, -3.07448, 0.454775, -1.91873 )

[node name="Tumbleweeds" type="Spatial" parent="."]

[node name="Tumbleweed" parent="Tumbleweeds" instance=ExtResource( 4 )]
transform = Transform( 1, 0, 0, 0, 1, 0, 0, 0, 1, 0, 0.3951, 0 )

[node name="Tumbleweed2" parent="Tumbleweeds" instance=ExtResource( 4 )]
transform = Transform( 1, 0, 0, 0, 1, 0, 0, 0, 1, -1.10943, 0.51887, 0.971565 )

[node name="Tumbleweed3" parent="Tumbleweeds" instance=ExtResource( 4 )]
transform = Transform( 1, 0, 0, 0, 1, 0, 0, 0, 1, 0.65867, 0.401191, 0.964254 )

[node name="Tumbleweed4" parent="Tumbleweeds" instance=ExtResource( 4 )]
transform = Transform( 1, 0, 0, 0, 1, 0, 0, 0, 1, -5.8786, 0.337647, 0.964254 )

[node name="Tumbleweed5" parent="Tumbleweeds" instance=ExtResource( 4 )]
transform = Transform( 1, 0, 0, 0, 1, 0, 0, 0, 1, -5.8786, 0.380157, 2.59305 )
