[gd_scene load_steps=9 format=2]

[ext_resource path="res://Scenes/Town/Buildings/House 01.tscn" type="PackedScene" id=1]
[ext_resource path="res://Code/Town/3D JRPG Camera/Camera.tscn" type="PackedScene" id=2]
[ext_resource path="res://2D/pistolero/front diagonal/front diagonal walk1.png" type="Texture" id=3]
[ext_resource path="res://Code/Town/Scenes/Player.gd" type="Script" id=4]
[ext_resource path="res://Scenes/Town/Buildings/House 02.tscn" type="PackedScene" id=5]
[ext_resource path="res://Scenes/Town/Items/Box.tscn" type="PackedScene" id=6]

[sub_resource type="SpatialMaterial" id=2]
albedo_color = Color( 0.415686, 0.403922, 0.278431, 1 )
metallic_specular = 0.0

[sub_resource type="QuadMesh" id=1]

[node name="Town" type="Spatial"]

[node name="CameraFollow" parent="." instance=ExtResource( 2 )]
transform = Transform( -1, 0, -8.74228e-08, 0, 1, 0, 8.74228e-08, 0, -1, -3.31356, 0, -3.03613 )
current = true
Angle = 25.0
YHeight = 3.0
speed = 3.0
StartOffset = Vector2( 0, -6 )
ZMargin = Vector2( 0, 2 )
XMargin = 2.0
ObjectFollowPath = NodePath("../Sprite3D")

[node name="Sprite3D" type="Sprite3D" parent="."]
transform = Transform( 2, 0, 0, 0, 2, 0, 0, 0, 2, -2.72208, 0.313865, 0.779839 )
billboard = 2
texture = ExtResource( 3 )
script = ExtResource( 4 )
Speed = 1.0

[node name="Ground" type="MeshInstance" parent="."]
transform = Transform( 100, 0, 0, 0, -4.37114e-06, 1, 0, -100, -4.37114e-08, 0, 0, 0 )
material_override = SubResource( 2 )
mesh = SubResource( 1 )
material/0 = null

[node name="DirectionalLight" type="DirectionalLight" parent="."]
transform = Transform( 0.948169, 0.196283, -0.249897, 0.315357, -0.677895, 0.664085, -0.0390552, -0.708471, -0.704658, 0.533763, 24.3846, 3.31973 )
light_energy = 0.7
shadow_enabled = true
shadow_color = Color( 0.129412, 0.282353, 0.694118, 1 )
shadow_bias = -0.05

[node name="Houses" type="Spatial" parent="."]

[node name="House02" parent="Houses" instance=ExtResource( 5 )]
transform = Transform( 0.579566, 0, -0.814926, 0, 1, 0, 0.814926, 0, 0.579566, -8.15844, 0, 5.80079 )

[node name="House01" parent="Houses" instance=ExtResource( 1 )]
transform = Transform( 0.875953, 0, 0.482396, 0, 1, 0, -0.482396, 0, 0.875953, 2.56552, -4.76837e-07, 3.70784 )

[node name="Items" type="Spatial" parent="."]

[node name="Box" parent="Items" instance=ExtResource( 6 )]
transform = Transform( 0.84515, 0, 0.534529, 0, 1, 0, -0.534529, 0, 0.84515, 0.27352, 4.76837e-07, 4.75362 )

[node name="Box4" parent="Items" instance=ExtResource( 6 )]
transform = Transform( 0.84515, 0, 0.534529, 0, 1, 0, -0.534529, 0, 0.84515, 0.0617505, 4.76837e-07, 6.11324 )

[node name="Box5" parent="Items" instance=ExtResource( 6 )]
transform = Transform( 0.84515, 0, 0.534529, 0, 1, 0, -0.534529, 0, 0.84515, 0.536074, -0.0181689, 6.11324 )

[node name="Box6" parent="Items" instance=ExtResource( 6 )]
transform = Transform( 0.84515, 0, 0.534529, 0, 1, 0, -0.534529, 0, 0.84515, -6.59929, -0.0181689, 6.65906 )

[node name="Box7" parent="Items" instance=ExtResource( 6 )]
transform = Transform( 0.84515, 0, 0.534529, 0, 1, 0, -0.534529, 0, 0.84515, -6.82535, -0.0181689, 7.09157 )

[node name="Box8" parent="Items" instance=ExtResource( 6 )]
transform = Transform( 0.84515, 0, 0.534529, 0, 1, 0, -0.534529, 0, 0.84515, -9.22305, -0.0181689, 3.77302 )

[node name="Box9" parent="Items" instance=ExtResource( 6 )]
transform = Transform( 0.84515, 0, 0.534529, 0, 1, 0, -0.534529, 0, 0.84515, -9.73603, -0.0181689, 3.68977 )

[node name="Box2" parent="Items" instance=ExtResource( 6 )]
transform = Transform( 0.84515, 0, 0.534529, 0, 1, 0, -0.534529, 0, 0.84515, -0.11778, 0, 4.84627 )

[node name="Box3" parent="Items" instance=ExtResource( 6 )]
transform = Transform( 0.84515, 0, 0.534529, 0, 1, 0, -0.534529, 0, 0.84515, -0.11778, 0.314301, 4.84627 )
